_id,nome_campus,cod_uffs,cod_emec,nome_curso,turno,in_func,linha_formacao,modalidade,regime,formato,coord_curso,autorizacao,reconhecimento,renov_reconhecimento,possui_matriz_em_andamento,possui_matriz_permite_ingresso,data_atualizacao
14328594-135f-46ed-a17e-8894732a71cf,Chapecó,1701,5000396,FILOSOFIA,NOTURNO,2010-08-16,,Graduação - Licenciatura,Semestral,Presencial,ELSIO JOSE CORA,Resolução 11/2012 – CONSUNI de 07/08/2012,"Portaria 428 - SERES/MEC de 30/08/2013 publicada no DOU nº 170, seção 1, pág. 27, em 03/09/2013","Portaria 920 - SERES/MEC de 27/12/2018 publicada no DOU nº 249, seção 1, pág. 254, em 28/12/2018",Sim,Sim,2021-08-19
5a4c0f60-5389-4898-aa8a-20b330c1b36a,Chapecó,1700,5000396,FILOSOFIA,MATUTINO,2010-03-29,,Graduação - Licenciatura,Semestral,Presencial,ELSIO JOSE CORA,Resolução 11/2012 – CONSUNI de 07/08/2012,"Portaria 428 - SERES/MEC de 30/08/2013 publicada no DOU nº 170, seção 1, pág. 27, em 03/09/2013","Portaria 920 - SERES/MEC de 27/12/2018 publicada no DOU nº 249, seção 1, pág. 254, em 28/12/2018",Sim,Não,2021-08-19
ad7c29b6-094b-460d-a47c-7b253885328f,Passo Fundo,6400,5001101,MEDICINA,INTEGRAL,2013-09-16,,Graduação - Bacharelado,Semestral,Presencial,ROGERIO TOMASI RIFFEL,"Portaria 323 - SERES/MEC de 23/07/2013 publicada no DOU nº 141, seção 1, pág. 10, em 24/07/2013",,,Sim,Sim,2021-08-19
6b3c3fe6-cc2e-4560-a207-991ce72e6a76,Cerro Largo,4601,5000386,ADMINISTRAÇÃO,MATUTINO,2010-03-29,,Graduação - Bacharelado,Semestral,Presencial,MONIZE SAMARA VISENTINI,Resolução 11/2012 – CONSUNI de 07/08/2012,"Portaria 545 - SERES/MEC de 12/09/2014 publicada no DOU nº 178, seção 1, pág. 26, em 16/09/2014","Portaria 211 - SERES/MEC de 25/06/2020 publicada no DOU nº 128, seção 1, pág. 118, em 07/07/2020",Sim,Sim,2021-08-19
fd966046-b6c9-47d7-be42-d9b02fdfd7b9,Cerro Largo,4300,5000389,ENGENHARIA AMBIENTAL E SANITÁRIA,INTEGRAL,2010-03-29,,Graduação - Bacharelado,Semestral,Presencial,ALCIONE APARECIDA DE ALMEIDA ALVES,Resolução 11/2012 – CONSUNI de 07/08/2012,"Portaria 211 - SERES/MEC de 22/06/2016 publicada no DOU nº 119, seção 1, pág. 14, 23/06/2016","Portaria 920 - SERES/MEC de 27/12/2018 publicada no DOU nº 249, seção 1, pág. 253, em 28/12/2018",Sim,Sim,2021-08-19
5923b989-948f-4d39-b368-075b01e30e4c,Chapecó,1411,1193759,MEDICINA,INTEGRAL,2015-07-29,,Graduação - Bacharelado,Semestral,Presencial,THAIS NASCIMENTO HELOU,"Portaria 368 - SERES/MEC de 18/05/2015 publicada no DOU nº 93, seção 1, pág. 19, em 19/05/2015",,,Sim,Sim,2021-08-19
3dca0aea-bea1-47d7-960e-1ec5ca26d389,Chapecó,1801,5000404,LETRAS - PORTUGUÊS E ESPANHOL,NOTURNO,2010-08-16,,Graduação - Licenciatura,Semestral,Presencial,SOLANGE LABBONIA,Resolução 11/2012 – CONSUNI de 07/08/2012,"Portaria 736 - SERES/MEC de 27/12/2013 publicada no DOU nº 252, seção 1, pág. 726, em 30/12/2013","Portaria 920 - SERES/MEC de 27/12/2018 publicada no DOU nº 249, seção 1, pág. 254, em 28/12/2018",Sim,Sim,2021-08-19
01f0d7de-99a7-4959-bb23-e8e8b1282d9e,Chapecó,1800,5000404,LETRAS - PORTUGUÊS E ESPANHOL,MATUTINO,2010-03-29,,Graduação - Licenciatura,Semestral,Presencial,SOLANGE LABBONIA,Resolução 11/2012 – CONSUNI de 07/08/2012,"Portaria 736 - SERES/MEC de 27/12/2013 publicada no DOU nº 252, seção 1, pág. 726, em 30/12/2013","Portaria 920 - SERES/MEC de 27/12/2018 publicada no DOU nº 249, seção 1, pág. 254, em 28/12/2018",Sim,Não,2021-08-19
98daab98-9342-47b3-8d1c-ec669f75b663,Chapecó,1110,1260434,MATEMÁTICA,NOTURNO,2014-03-17,,Graduação - Licenciatura,Semestral,Presencial,DIVANE MARCON,Resolução 25/2013 – CONSUNI de 16/07/2013,"Portaria 798 - SERES/MEC de 27/07/2017 publicada no DOU nº 144, seção 1, pág. 20, em 20/12/2017",,Sim,Sim,2021-08-19
337e35ee-24f8-4a42-9521-655fe8f17303,Erechim,5302,1125800,ENGENHARIA AMBIENTAL E SANITÁRIA,INTEGRAL,2010-08-16,,Graduação - Bacharelado,Semestral,Presencial,CRISTIANE FUNGHETTO FUZINATTO,Resolução 11/2012 – CONSUNI de 07/08/2012,"Portaria nº 306 - SERES/MEC de 23/04/2015 publicada no DOU nº 77, seção 1, pág. 36, em 24/04/2015","Portaria nº 111 - SERES/MEC de 04/02/2021, publicada no DOU nº 25 em 05/02/2021, seção 1, pág. 136",Sim,Sim,2021-08-19
caa07627-22b6-4cec-87af-aaa55c1bab2f,Erechim,5510,1276258,INTERDISCIPLINAR EM EDUCAÇÃO DO CAMPO: CIÊNCIAS DA NATUREZA,INTEGRAL,2013-11-21,,Graduação - Licenciatura,Semestral,Presencial,DIONEI RUA DOS SANTOS,Resolução 25/2013 – CONSUNI de 16/07/2013,"Portaria 188 - SERES/MEC de 17/03/2018 publicada no DOU nº 56, seção 1, pág. 26, em 22/03/2018",,Sim,Sim,2021-08-19
5d45ea03-1869-43d9-88df-a2a159d4c501,Chapecó,1730,5000402,PEDAGOGIA,MATUTINO,2010-03-29,,Graduação - Licenciatura,Semestral,Presencial,KATIA APARECIDA SEGANFREDO,Resolução 11/2012 – CONSUNI de 07/08/2012,"Portaria 428 - SERES/MEC de 30/08/2013 publicada no DOU nº 170, seção 1, pág. 28, em 03/09/2013","Portaria 920 - SERES/MEC de 27/12/2018 publicada no DOU nº 249, seção 1, pág. 253, em 28/12/2018",Sim,Sim,2021-08-19
3a03702e-2a79-4854-a861-9d21bcd59e60,Chapecó,1731,5000402,PEDAGOGIA,NOTURNO,2010-08-16,,Graduação - Licenciatura,Semestral,Presencial,KATIA APARECIDA SEGANFREDO,Resolução 11/2012 – CONSUNI de 07/08/2012,"Portaria 428 - SERES/MEC de 30/08/2013 publicada no DOU nº 170, seção 1, pág. 28, em 03/09/2013","Portaria 920 - SERES/MEC de 27/12/2018 publicada no DOU nº 249, seção 1, pág. 253, em 28/12/2018",Sim,Sim,2021-08-19
81de809b-370c-41bb-b9e7-d8d9d4fe191a,Chapecó,1741,5000407,CIÊNCIAS SOCIAIS,NOTURNO,2010-08-16,,Graduação - Licenciatura,Semestral,Presencial,VALDETE BONI,Resolução 11/2012 – CONSUNI de 07/08/2012,"Portaria 428 - SERES/MEC de 30/08/2013 publicada no DOU nº 170, seção 1, pág. 28, em 03/09/2013","Portaria 920 - SERES/MEC de 27/12/2018 publicada no DOU nº 249, seção 1, pág. 253, em 28/12/2018",Sim,Sim,2021-08-19
98c1e4da-1e95-4abf-b42e-4537514ee9c6,Chapecó,1740,5000407,CIÊNCIAS SOCIAIS,MATUTINO,2010-03-29,,Graduação - Licenciatura,Semestral,Presencial,VALDETE BONI,Resolução 11/2012 – CONSUNI de 07/08/2012,"Portaria 428 - SERES/MEC de 30/08/2013 publicada no DOU nº 170, seção 1, pág. 28, em 03/09/2013","Portaria 920 - SERES/MEC de 27/12/2018 publicada no DOU nº 249, seção 1, pág. 253, em 28/12/2018",Sim,Não,2021-08-19
e6d19e17-ede2-4677-b71a-925fe9ac0a16,Cerro Largo,4802,5000405,LETRAS - PORTUGUÊS E ESPANHOL,NOTURNO,2010-03-29,,Graduação - Licenciatura,Semestral,Presencial,CAROLINE MALLMANN SCHNEIDERS,Resolução 11/2012 – CONSUNI de 07/08/2012,"Portaria 698 - SERES/MEC de 01/10/2015 publicada no DOU nº 190, seção 1, pág. 638, em 05/10/2015","Portaria 920 - SERES/MEC de 27/12/2018 publicada no DOU nº 249, seção 1, pág. 254, em 28/12/2018",Sim,Sim,2021-08-19
f4f5dab4-b6bc-42fd-a52f-ee0f290c27ae,Chapecó,1301,5000390,ENGENHARIA AMBIENTAL E SANITÁRIA,INTEGRAL,2010-03-29,,Graduação - Bacharelado,Semestral,Presencial,MARLON LUIZ NEVES DA SILVA,Resolução 11/2012 – CONSUNI de 07/08/2012,"Portaria 821 - SERES/MEC de 29/10/2015 publicada no DOU nº 211, seção 1, pág. 27, em 05/11/2015","Portaria nº 111 - SERES/MEC de 04/02/2021, publicada no DOU nº 25 em 05/02/2021, seção 1, pág. 136",Sim,Sim,2021-08-19
96d4524f-ac60-45ff-b7df-52b40501c3ac,Erechim,5524,5000382,AGRONOMIA,INTEGRAL,2014-04-22,,Graduação - Bacharelado,Semestral,Presencial,BERNARDO BERENCHTEIN,Resolução 02/2014 – CONSUNI de 04/02/2014,"Portaria 571 - SERES/MEC de 09/06/2017 publicada no DOU nº 111, seção 1, pág. 12, em 12/06/2017","Portaria nº 111 - SERES/MEC de 04/02/2021, publicada no DOU nº 25 em 05/02/2021, seção 1, pág. 136",Sim,Não,2021-08-19
ae5079d2-a711-4338-a896-129b306b1e67,Erechim,5502,5000382,AGRONOMIA,INTEGRAL,2010-03-29,,Graduação - Bacharelado,Semestral,Presencial,BERNARDO BERENCHTEIN,Resolução 11/2012 – CONSUNI de 07/08/2012,"Portaria 571 - SERES/MEC de 09/06/2017 publicada no DOU nº 111, seção 1, pág. 12, em 12/06/2017","Portaria nº 111 - SERES/MEC de 04/02/2021, publicada no DOU nº 25 em 05/02/2021, seção 1, pág. 136",Sim,Sim,2021-08-19
a753e249-0267-4e50-bcde-82da204d1ed4,Laranjeiras do Sul,2310,5000391,ENGENHARIA DE ALIMENTOS,INTEGRAL,2010-03-29,,Graduação - Bacharelado,Semestral,Presencial,GUSTAVO HENRIQUE FIDELIS DOS SANTOS,Resolução 11/2012 – CONSUNI de 07/08/2012,"Portaria nº 65 - SERES/MEC de 28/01/2015 publicada no DOU nº 21, seção 1, pág. 27, em 30/01/2015","Portaria nº 111 - SERES/MEC de 04/02/2021, publicada no DOU nº 25 em 05/02/2021, seção 1, pág. 136",Sim,Sim,2021-08-19
3eded467-aa27-40ed-a507-f42624939b97,Erechim,5732,5000403,PEDAGOGIA,NOTURNO,2010-03-29,,Graduação - Licenciatura,Semestral,Presencial,MARIA SILVIA CRISTOFOLI,Resolução 11/2012 – CONSUNI de 07/08/2012,"Portaria 427 - SERES/MEC de 28/07/2014 publicada no DOU nº 145, seção 1, pág. 22, em 31/07/2014","Portaria 920 - SERES/MEC de 27/12/2018 publicada no DOU nº 249, seção 1, pág. 254, em 28/12/2018",Sim,Sim,2021-08-19
fb26ca90-fe50-453f-8356-ecaca7677457,Laranjeiras do Sul,2510,5000392,ENGENHARIA DE AQUICULTURA,INTEGRAL,2010-03-29,,Graduação - Bacharelado,Semestral,Presencial,RONAN MACIEL MARCOS,Resolução 11/2012 – CONSUNI de 07/08/2012,"Portaria 298 - SERES/MEC de 14/04/2015 publicada no DOU nº 72, seção 1, pág. 15, em 16/04/2015","Portaria 920 - SERES/MEC de 27/12/2018 publicada no DOU nº 249, seção 1, pág. 253, em 28/12/2018",Sim,Sim,2021-08-19
21e2f568-2f67-4720-baf1-e21e80b440c6,Cerro Largo,4120,1152567,QUÍMICA,NOTURNO,2010-03-29,,Graduação - Licenciatura,Semestral,Presencial,ROSALIA ANDRIGHETTO,Resolução 20/2012 – CONSUNI de 10/12/2012,"Portaria 403 - SERES/MEC de 22/07/2014 publicada no DOU nº 140, seção 1, pág. 390, em 24/07/2014","Portaria 920 - SERES/MEC de 27/12/2018 publicada no DOU nº 249, seção 1, pág. 254, em 28/12/2018",Sim,Sim,2021-08-19
4428a0d7-5856-403c-83c8-6725d353100f,Chapecó,1600,5000376,ADMINISTRAÇÃO,MATUTINO,2010-03-29,,Graduação - Bacharelado,Semestral,Presencial,KELLY CRISTINA BENETTI TONANI TOSTA,Resolução 11/2012 – CONSUNI de 07/08/2012,"Portaria 245 - SERES/MEC de 16/04/2014 publicada no DOU nº 74, seção 1, pág. 26, em 17/04/2014","Portaria 211 - SERES/MEC de 25/06/2020 publicada no DOU nº 128, seção 1, pág. 118, em 07/07/2020",Sim,Sim,2021-08-19
c53df02a-b555-44ab-8049-c2295f66c674,Chapecó,1601,5000376,ADMINISTRAÇÃO,NOTURNO,2010-08-16,,Graduação - Bacharelado,Semestral,Presencial,KELLY CRISTINA BENETTI TONANI TOSTA,Resolução 11/2012 – CONSUNI de 07/08/2012,"Portaria 245 - SERES/MEC de 16/04/2014 publicada no DOU nº 74, seção 1, pág. 26, em 17/04/2014","Portaria 211 - SERES/MEC de 25/06/2020 publicada no DOU nº 128, seção 1, pág. 118, em 07/07/2020",Sim,Sim,2021-08-19
0afe6228-52c7-4514-b82b-d8cd0473a293,Erechim,5713,1504208,GEOGRAFIA,NOTURNO,2020-03-02,,Graduação - Bacharelado,Semestral,Presencial,JOÃO PAULO PERES BEZERRA,Resolução 18/CONSUNI/UFFS/2019 de 28/08/2019,,,Sim,Sim,2021-08-19
797213c5-6a13-45b6-800d-6a0f66f70956,Cerro Largo,4500,5000381,AGRONOMIA,INTEGRAL,2010-03-29,,Graduação - Bacharelado,Semestral,Presencial,DOUGLAS RODRIGO KAISER,Resolução nº 011/2012 - CONSUNI,"Portaria nº 742 - SERES/MEC de 25/11/2016, publicada no DOU em 28/11/2016, seção 1, pág. 78","Portaria nº 111 - SERES/MEC de 04/02/2021, publicada no DOU nº 25 em 05/02/2021, seção 1, pág. 136",Sim,Sim,2021-08-19
006e5fcb-236a-4205-a08e-4b9de10f8da7,Laranjeiras do Sul,2550,1279327,INTERDISCIPLINAR EM EDUCAÇÃO DO CAMPO: CIÊNCIAS SOCIAIS E HUMANAS,INTEGRAL,2013-12-20,,Graduação - Licenciatura,Semestral,Presencial,ROBERTO ANTONIO FINATTO,Resolução 25/2013 – CONSUNI de 16/07/2013,"Portaria 188 - SERES/MEC de 17/03/2018 publicada no DOU nº 56, seção 1, pág. 26, em 22/03/2018",,Sim,Sim,2021-08-19
7aee213f-2e8b-497e-8180-2f53712b1833,Chapecó,1400,5000388,ENFERMAGEM,INTEGRAL,2010-03-29,,Graduação - Bacharelado,Semestral,Presencial,LARISSA HERMES THOMAS TOMBINI,Resolução 11/2012 – CONSUNI de 07/08/2012,"Portaria 575 - SERES/MEC de 02/10/2014 publicada no DOU nº 191, seção 1, pág. 11, em 03/10/2014","Portaria nº 111 - SERES/MEC de 04/02/2021, publicada no DOU nº 25 em 05/02/2021, seção 1, pág. 136",Sim,Sim,2021-08-19
a32be67c-f7da-4ec2-8ef0-014df6fb31b4,Chapecó,1101,5000385,CIÊNCIA DA COMPUTAÇÃO,NOTURNO,2010-08-16,,Graduação - Bacharelado,Semestral,Presencial,GUILHERME DAL BIANCO,Resolução 11/2012 – CONSUNI de 07/08/2012,"Portaria 729 - SERES/MEC de 19/12/2013 publicada no DOU nº 247, seção 1, pág. 25, em 20/12/2013","Portaria 920 - SERES/MEC de 27/12/2018 publicada no DOU nº 249, seção 1, pág. 253, em 28/12/2018",Sim,Sim,2021-08-19
bb9e4fc3-16bc-490a-8a76-ee8ab080cb88,Chapecó,1100,5000385,CIÊNCIA DA COMPUTAÇÃO,VESPERTINO,2010-03-29,,Graduação - Bacharelado,Semestral,Presencial,GUILHERME DAL BIANCO,Resolução 11/2012 – CONSUNI de 07/08/2012,"Portaria 729 - SERES/MEC de 19/12/2013 publicada no DOU nº 247, seção 1, pág. 25, em 20/12/2013","Portaria 920 - SERES/MEC de 27/12/2018 publicada no DOU nº 249, seção 1, pág. 253, em 28/12/2018",Sim,Sim,2021-08-19
da15475e-4881-4c50-aaca-ce0297bc9536,Chapecó,1720,5000400,HISTÓRIA,MATUTINO,2010-03-29,,Graduação - Licenciatura,Semestral,Presencial,VICENTE NEVES DA SILVA RIBEIRO,Resolução 11/2012 – CONSUNI de 07/08/2012,"Portaria 428 - SERES/MEC de 30/08/2013 publicada no DOU nº 170, seção 1, pág. 27, em 03/09/2013","Portaria 920 - SERES/MEC de 27/12/2018 publicada no DOU nº 249, seção 1, pág. 254, em 28/12/2018",Sim,Não,2021-08-19
4cbc03f7-c7ce-4048-bd83-1371ec3c55bc,Chapecó,1721,5000400,HISTÓRIA,NOTURNO,2010-08-16,,Graduação - Licenciatura,Semestral,Presencial,VICENTE NEVES DA SILVA RIBEIRO,Resolução 11/2012 – CONSUNI de 07/08/2012,"Portaria 428 - SERES/MEC de 30/08/2013 publicada no DOU nº 170, seção 1, pág. 27, em 03/09/2013","Portaria 920 - SERES/MEC de 27/12/2018 publicada no DOU nº 249, seção 1, pág. 254, em 28/12/2018",Sim,Sim,2021-08-19
da2e4878-e3b0-4c29-af28-5abc7d25d3ea,Laranjeiras do Sul,2202,1455377,CIÊNCIAS BIOLÓGICAS,INTEGRAL,2019-02-25,,Graduação - Licenciatura,Semestral,Presencial,RICARDO KEY YAMAZAKI,Resolução 14/CONSUNI/UFFS/2018 de 19/09/2018,,,Sim,Sim,2021-08-19
9d84b2d4-5ef2-4a47-913f-5faf11fb00c4,Erechim,5722,5000401,HISTÓRIA,NOTURNO,2010-03-29,,Graduação - Licenciatura,Semestral,Presencial,DEBORA CLASEN DE PAULA,Resolução 11/2012 – CONSUNI de 07/08/2012,"Portaria 429 - SERES/MEC de 29/07/2014 publicada no DOU nº 145, seção 1, pág. 26, em 31/07/2014","Portaria 920 - SERES/MEC de 27/12/2018 publicada no DOU nº 249, seção 1, pág. 254, em 28/12/2018",Sim,Sim,2021-08-19
44763179-0146-42d8-abf3-06fa6c0e483e,Realeza,3602,1572603,ADMINISTRAÇÃO PÚBLICA,NOTURNO,2021-06-07,,Graduação - Bacharelado,Semestral,Presencial,JOSE OTO KONZEN,"Decisão Nº 2/CONSUNI/UFFS/2021, de 26/02/2021",,,Sim,Sim,2021-08-19
0fec9f13-9beb-4e6a-a008-636db63d3ae1,Erechim,5712,5000399,GEOGRAFIA,NOTURNO,2010-03-29,,Graduação - Licenciatura,Semestral,Presencial,ANA MARIA DE OLIVEIRA PEREIRA,Resolução 11/2012 – CONSUNI de 07/08/2012,"Portaria 68 - SERES/MEC de 24/03/2016 publicada no DOU nº 58, seção 1, pág. 29, em 28/03/2016","Portaria 920 - SERES/MEC de 27/12/2018 publicada no DOU nº 249, seção 1, pág. 254, em 28/12/2018",Sim,Sim,2021-08-19
20b02594-6f4b-4989-9047-45439bff6cb6,Chapecó,1501,1120217,AGRONOMIA,INTEGRAL,2010-08-16,,Graduação - Bacharelado,Semestral,Presencial,SAMUEL MARIANO GISLON DA SILVA,Resolução 11/2012 – CONSUNI de 07/08/2012,"Portaria 294 - SERES/MEC de 07/07/2016 publicada no DOU nº 131, seção 1, pág. 13, em 11/07/2016","Portaria nº 111 - SERES/MEC de 04/02/2021, publicada no DOU nº 25 em 05/02/2021, seção 1, pág. 136",Sim,Sim,2021-08-19
6f3d362a-168b-499b-ab89-a2ebe258e150,Erechim,5702,5000397,FILOSOFIA,NOTURNO,2010-03-29,,Graduação - Licenciatura,Semestral,Presencial,ALCIONE ROBERTO ROANI,Resolução 11/2012 – CONSUNI de 07/08/2012,"Portaria 112 - SERES/MEC de 14/02/2014 publicada no DOU nº 33, seção 1, pág. 19, em 17/02/2014","Portaria 920 - SERES/MEC de 27/12/2018 publicada no DOU nº 249, seção 1, pág. 254, em 28/12/2018",Sim,Sim,2021-08-19
25a973a6-48b0-453b-b38e-f0009b92419d,Erechim,5742,5000408,CIÊNCIAS SOCIAIS,NOTURNO,2010-03-29,,Graduação - Licenciatura,Semestral,Presencial,DOUGLAS SANTOS ALVES,Resolução 11/2012 – CONSUNI de 07/08/2012,"Portaria 729 - SERES/MEC de 19/12/2013 publicada no DOU nº 247, seção 1, pág. 25, em 20/12/2013","Portaria 920 - SERES/MEC de 27/12/2018 publicada no DOU nº 249, seção 1, pág. 253, em 28/12/2018",Sim,Sim,2021-08-19
97b8daad-68d1-4373-a598-e9236d229954,Laranjeiras do Sul,2601,5000387,CIÊNCIAS ECONÔMICAS,NOTURNO,2010-03-29,,Graduação - Bacharelado,Semestral,Presencial,PAULO ALEXANDRE NUNES,Resolução 11/2012 – CONSUNI de 07/08/2012,"Portaria 728 - SERES/MEC de 19/12/2013 publicada no DOU nº 247, seção 1, pág. 24, em 20/12/2013","Portaria 211 - SERES/MEC de 25/06/2020 publicada no DOU nº 128, seção 1, pág. 118, em 07/07/2020",Sim,Sim,2021-08-19
8fc5c50b-792b-470c-bcf9-93b59c19e82d,Erechim,5203,1504207,CIÊNCIAS BIOLÓGICAS,INTEGRAL,2021-06-07,,Graduação - Bacharelado,Semestral,Presencial,MARILIA TERESINHA HARTMANN,Resolução 17/CONSUNI/UFFS/2019 de 28/08/2019,,,Sim,Sim,2021-08-19
2e73f2b1-c2a0-4e63-baf1-43b4f3695a9d,Laranjeiras do Sul,2503,5000383,AGRONOMIA,INTEGRAL,2010-03-29,,Graduação - Bacharelado,Semestral,Presencial,SILVIA ROMAO,Resolução 11/2012 – CONSUNI de 07/08/2012,"Portaria 428 - SERES/MEC de 28/07/2014 publicada no DOU nº 145, seção 1, pág. 24, em 31/07/2014","Portaria nº 111 - SERES/MEC de 04/02/2021, publicada no DOU nº 25 em 05/02/2021, seção 1, pág. 136",Sim,Sim,2021-08-19
d6d9cf0b-da32-478c-8222-cad453dcb083,Erechim,5723,5000401,HISTÓRIA,INTEGRAL,2013-09-16,,Graduação - Licenciatura,Semestral,Presencial,GERSON WASEN FRAGA,Resolução 25/2013 – CONSUNI de 16/07/2013,"Portaria 429 - SERES/MEC de 29/07/2014 publicada no DOU nº 145, seção 1, pág. 26, em 31/07/2014","Portaria 920 - SERES/MEC de 27/12/2018 publicada no DOU nº 249, seção 1, pág. 254, em 28/12/2018",Sim,Não,2021-08-19
13b35805-e7ac-481f-846e-a94176f7dd56,Laranjeiras do Sul,2714,1503886,CIÊNCIAS SOCIAIS,NOTURNO,2020-03-02,,Graduação - Bacharelado,Semestral,Presencial,FELIPE MATTOS MONTEIRO,Resolução 19/CONSUNI/UFFS/2019 de 28/08/2019,,,Sim,Sim,2021-08-19
faf0b420-27aa-4b81-a34d-7ed1728e992b,Laranjeiras do Sul,2713,1503885,CIÊNCIAS SOCIAIS,NOTURNO,2020-03-02,,Graduação - Licenciatura,Semestral,Presencial,FELIPE MATTOS MONTEIRO,Resolução 20/CONSUNI/UFFS/2019 de 28/08/2019,,,Sim,Sim,2021-08-19
20d420ba-0427-4571-945d-0466fd9bd834,Cerro Largo,4200,1152544,CIÊNCIAS BIOLÓGICAS,INTEGRAL,2010-03-29,,Graduação - Licenciatura,Semestral,Presencial,ELIANE GONCALVES DOS SANTOS,Resolução 20/2012 – CONSUNI de 10/12/2012,"Portaria 736 - SERES/MEC de 27/12/2013 publicada no DOU nº 252, seção 1, pág. 726, em 30/12/2013","Portaria 920 - SERES/MEC de 27/12/2018 publicada no DOU nº 249, seção 1, pág. 253, em 28/12/2018",Sim,Sim,2021-08-19
b828905f-c32a-409e-a045-b3f9397cc09d,Cerro Largo,4100,1152566,FÍSICA,NOTURNO,2010-03-29,,Graduação - Licenciatura,Semestral,Presencial,THIAGO DE CACIO LUCHESE,Resolução 20/2012 – CONSUNI de 10/12/2012,"Portaria 728 - SERES/MEC de 19/12/2013 publicada no DOU nº 247, seção 1, pág. 25, em 20/12/2013","Portaria 920 - SERES/MEC de 27/12/2018 publicada no DOU nº 249, seção 1, pág. 254, em 28/12/2018",Sim,Sim,2021-08-19
9c0a4a8f-4d8c-4df6-b099-44374accc6fb,Laranjeiras do Sul,2703,1419770,PEDAGOGIA,NOTURNO,2018-03-05,,Graduação - Licenciatura,Semestral,Presencial,GRACIALINO DA SILVA DIAS,Resolução 18/CONSUNI/UFFS/2017 de 17/08/2017,,,Sim,Sim,2021-08-19
c779682b-beff-4f19-8ab0-630d4e3a5e21,Chapecó,1711,5000398,GEOGRAFIA,NOTURNO,2010-08-16,,Graduação - Licenciatura,Semestral,Presencial,WILLIAM ZANETE BERTOLINI,Resolução 11/2012 – CONSUNI de 07/08/2012,"Portaria 649 - SERES/MEC de 10/12/2013 publicada no DOU nº 240, seção 1, pág. 26, em 11/12/2013","Portaria 920 - SERES/MEC de 27/12/2018 publicada no DOU nº 249, seção 1, pág. 254, em 28/12/2018",Sim,Sim,2021-08-19
0f25a218-ebb6-40b4-8c7a-cfba6b2ade73,Chapecó,1710,5000398,GEOGRAFIA,MATUTINO,2010-03-29,,Graduação - Licenciatura,Semestral,Presencial,WILLIAM ZANETE BERTOLINI,Resolução 11/2012 – CONSUNI de 07/08/2012,"Portaria 649 - SERES/MEC de 10/12/2013 publicada no DOU nº 240, seção 1, pág. 26, em 11/12/2013","Portaria 920 - SERES/MEC de 27/12/2018 publicada no DOU nº 249, seção 1, pág. 254, em 28/12/2018",Sim,Não,2021-08-19
25cb5aeb-a950-4acd-b837-46dffaaa54a9,Laranjeiras do Sul,2531,1455378,INTERDISCIPLINAR EM EDUCAÇÃO DO CAMPO: CIÊNCIAS DA NATUREZA,NOTURNO,2019-02-25,,Graduação - Licenciatura,Semestral,Presencial,FERNANDA MARCON,Resolução 13/CONSUNI/UFFS/2018 de 19/09/2018,,,Sim,Sim,2021-08-19
cdcc2be3-689d-45f3-8cc3-0adeae04dca7,Laranjeiras do Sul,2541,5000395,"INTERDISCIPLINAR EM EDUCAÇÃO DO CAMPO: CIÊNCIAS NATURAIS, MATEMÁTICA E CIÊNCIAS AGRÁRIAS",NOTURNO,2010-08-16,,Graduação - Licenciatura,Semestral,Presencial,FERNANDA MARCON,Resolução 11/2012 – CONSUNI de 07/08/2012,"Portaria 544 - SERES/MEC de 23/09/2016 publicada no DOU nº 185, seção 1, pág. 19, em 26/09/2016",,Sim,Não,2021-08-19
aa37b0c2-c082-48af-9207-fe74e68e1932,Laranjeiras do Sul,2540,5000395,"INTERDISCIPLINAR EM EDUCAÇÃO DO CAMPO: CIÊNCIAS NATURAIS, MATEMÁTICA E CIÊNCIAS AGRÁRIAS",INTEGRAL,2010-03-29,,Graduação - Licenciatura,Semestral,Presencial,FERNANDA MARCON,Resolução 11/2012 – CONSUNI de 07/08/2012,"Portaria 544 - SERES/MEC de 23/09/2016 publicada no DOU nº 185, seção 1, pág. 19, em 26/09/2016",,Sim,Não,2021-08-19
04600aa6-012a-4c2e-adf5-1c1756d5346a,Erechim,5610,5000384,ARQUITETURA E URBANISMO,INTEGRAL,2010-03-29,,Graduação - Bacharelado,Semestral,Presencial,LUIS EDUARDO AZEVEDO MODLER,Resolução nº 011/2012 - CONSUNI,"Portaria nº 1.112 - SERES/MEC de 25/10/2017, publicada no DOU em 26/10/2017, seção 1, pág. 19","Portaria nº 111 - SERES/MEC de 04/02/2021, publicada no DOU nº 25 em 05/02/2021, seção 1, pág. 136",Sim,Sim,2021-08-19
b9fe9809-78b3-48f3-8dde-a0b836ac15d9,Realeza,3530,5000409,MEDICINA VETERINÁRIA,INTEGRAL,2010-03-29,,Graduação - Bacharelado,Semestral,Presencial,,Resolução 11/2012 – CONSUNI de 07/08/2012,"Portaria nº 65 - SERES/MEC de 28/01/2015 publicada no DOU nº 21, seção 1, pág. 28, em 30/01/2015","Portaria nº 111 - SERES/MEC de 04/02/2021, publicada no DOU nº 25 em 05/02/2021, seção 1, pág. 136",Sim,Sim,2021-08-19
69070668-921c-45d5-8bc9-26e55a177dae,Realeza,3101,1152572,FÍSICA,NOTURNO,2010-03-29,,Graduação - Licenciatura,Semestral,Presencial,,Resolução 11/2012 – CONSUNI de 07/08/2012,"Portaria 427 - SERES/MEC de 28/07/2014 publicada no DOU nº 145, seção 1, pág. 22, 31/07/2014","Portaria 920 - SERES/MEC de 27/12/2018 publicada no DOU nº 249, seção 1, pág. 254, em 28/12/2018",Sim,Sim,2021-08-19
a969ff10-d66e-4aa0-b8ce-2bcb1b504fbd,Realeza,3121,1152574,QUÍMICA,NOTURNO,2010-03-29,,Graduação - Licenciatura,Semestral,Presencial,,Resolução 11/2012 – CONSUNI de 07/08/2012,"Portaria 575 - SERES/MEC de 02/10/2014 publicada no DOU nº 191, seção 1, pág. 11, em 03/10/2014","Portaria 920 - SERES/MEC de 27/12/2018 publicada no DOU nº 249, seção 1, pág. 254, em 28/12/2018",Sim,Sim,2021-08-19
f150992e-709c-463a-a30e-c091824980b0,Realeza,3201,1152571,CIÊNCIAS BIOLÓGICAS,NOTURNO,2010-03-29,,Graduação - Licenciatura,Semestral,Presencial,,Resolução 06/2013 – CONSUNI de 21/03/2013,"Portaria 300 - SERES/MEC de 14/04/2015 publicada no DOU nº 72, seção 1, pág. 17, em 16/04/2015","Portaria 920 - SERES/MEC de 27/12/2018 publicada no DOU nº 249, seção 1, pág. 253, em 28/12/2018",Sim,Sim,2021-08-19
93104ee2-fea1-4b7d-90f9-35597813ac5e,Realeza,3803,5000406,LETRAS - PORTUGUÊS E ESPANHOL,NOTURNO,2010-03-29,,Graduação - Licenciatura,Semestral,Presencial,,Resolução 11/2012 – CONSUNI de 07/08/2012,"Portaria 698 - SERES/MEC de 01/10/2015 publicada o DOU nº 190, seção 1, pág. 638, em 05/10/2015","Portaria 920 - SERES/MEC de 27/12/2018 publicada no DOU nº 249, seção 1, pág. 254, em 28/12/2018",Sim,Sim,2021-08-19
d2004436-7180-4a25-abe9-96c651bce461,Realeza,3410,5000410,NUTRIÇÃO,INTEGRAL,2010-03-29,,Graduação - Bacharelado,Semestral,Presencial,,Resolução 11/2012 – CONSUNI de 07/08/2012,"Portaria nº 589 - SERES/MEC de 22/10/2014 publicada no DOU nº 205, seção 1, pág. 19, em 23/10/2014","Portaria nº 111 - SERES/MEC de 04/02/2021, publicada no DOU nº 25 em 05/02/2021, seção 1, pág. 136",Sim,Sim,2021-08-19
052b1085-8961-43e9-8eb0-c376ac11fe79,Realeza,3111,5000394,CIÊNCIAS NATURAIS,NOTURNO,2010-03-29,,Graduação - Licenciatura,Semestral,Presencial,,Resolução 06/2013 – CONSUNI de 21/03/2013,"Portaria 613 - SERES/MEC de 30/10/2014 publicada no DOU nº 211, seção 1, pág. 18, em 31/10/2014",,Sim,Não,2021-08-19
8f733246-6bec-48bc-aa72-0f60d534c13f,Laranjeiras do Sul,2521,5000387,DESENVOLVIMENTO RURAL E GESTÃO AGROINDUSTRIAL,INTEGRAL,2010-03-29,,Graduação - Bacharelado,Semestral,Presencial,,Portaria 44/GR/UFFS/2009 de 24/11/2009,,,Não,Não,2021-08-19
794c6a0f-0827-4adf-acdb-6f86776a7460,Cerro Largo,4520,5000386,DESENVOLVIMENTO RURAL E GESTÃO AGROINDUSTRIAL,INTEGRAL,2010-03-29,,Graduação - Bacharelado,Semestral,Presencial,,Portaria 44/GR/UFFS/2009 de 24/11/2009,,,Não,Não,2021-08-19
531c2f6b-a8ce-4b27-86e3-03e39cf8c29d,Realeza,3704,1572636,PEDAGOGIA,NOTURNO,2022-05-09,,Graduação - Licenciatura,Semestral,Presencial,,"Decisão Nº 3/CONSUNI/UFFS/2021, de 26/02/2021",,,Não,Não,2021-08-19
27f7ad85-2d5a-4672-84a3-35dc3473d1c4,Cerro Largo,4110,5000393,"CIÊNCIAS: BIOLOGIA, FÍSICA E QUÍMICA",NOTURNO,2010-03-29,,Graduação - Licenciatura,Semestral,Presencial,,Resolução 11/2012 – CONSUNI de 07/08/2012,,,Não,Não,2021-08-19
